
clamp_10m_adapter_times = [479, 245, 559, 175, 73, 322, 58, 91, 387, 194, 419, 136, 246, 88, 385, 268, 216, 216, 230, 71, 290, 382, 27, 486, 74, 9, 9, 453, 44, 122, 483, 130, 50, 350, 183, 167, 124, 142, 479, 275, 15, 37, 238, 34, 313, 91, 72, 177, 8, 265, 211, 449, 22, 126, 126, 519, 77, 342, 49, 94, 162, 132, 40, 389, 108, 112, 69, 182, 34, 162, 570, 23, 57, 532, 150, 126, 539, 101, 351, 98, 94, 493, 224, 38, 229, 82, 572, 310, 229, 32, 115, 175, 159, 47, 253, 315, 283, 250, 44, 109, 256, 44, 374, 71, 232, 130, 157, 63, 94, 9, 9, 123, 49, 72, 83, 146, 58, 475, 150, 18, 123, 570, 299, 52, 68, 361, 307, 78, 282, 365, 23, 55, 116, 374, 11, 8, 130, 475, 270, 121, 24, 29, 488, 496, 156, 11, 36, 122, 404, 69, 77, 91, 160, 182, 572, 52, 325, 14, 476, 141, 10, 33, 574, 54, 84, 240, 16, 41, 52, 143, 334, 572, 58, 45, 252, 120, 64, 90, 215, 113, 127, 202, 77, 513, 264, 114, 510, 256, 44, 21, 250, 183, 263, 154, 21, 140, 54, 401, 326, 33, 141, 83, 68, 97, 9, 10, 79, 8, 78, 34, 307, 223, 79, 131, 30, 59, 78, 27, 51, 88, 12, 343, 318, 215, 269, 370, 340, 563, 380, 10, 42, 536, 30, 50, 29, 47, 14, 10, 184, 95, 9, 9, 308, 28, 75, 89, 20, 423, 463, 280, 217, 110, 162, 102, 339, 68, 106, 187, 490, 72, 142, 20, 94, 123, 455, 179, 318, 41, 123, 73, 331, 24, 238, 237, 50, 534, 215, 127, 399, 309, 91, 21, 114, 179, 124, 76, 48, 388, 228, 22, 238, 94, 317, 208, 258, 110, 194, 522, 127, 319, 350, 236, 383, 319, 141, 56, 324, 162, 15, 10, 21, 177, 33, 10, 9, 33, 211, 91, 66, 81, 105, 29, 88, 368, 51, 123, 134, 582, 51, 30, 10, 93, 49, 11, 540, 399, 476, 137, 537, 45, 25, 281, 292, 66, 112, 159, 573, 384, 35, 10, 37, 232, 239, 9, 74, 449, 328, 182, 447, 74, 130, 315, 344, 540, 557, 272, 238, 85, 126, 143, 242, 21, 348, 382, 9, 143, 36, 35, 182, 15, 391, 210, 57, 93, 392, 346, 268, 8, 56, 155, 9, 515, 52, 115, 123, 176, 26, 378, 292, 38, 302, 283, 107, 55, 28, 48, 16, 311, 299, 537, 503, 164, 51, 125, 55, 47, 22, 48, 268, 35, 545, 240, 267, 9, 9, 517, 65, 83, 164, 211, 458, 24, 299, 55, 194, 197, 528, 272, 233, 134, 580, 123, 49, 128, 314, 185, 99, 9, 110, 45, 99, 49, 40, 420, 269, 182, 424, 10, 451, 501, 109, 10, 131, 486, 280, 460, 593, 484, 124, 34, 26, 80, 52, 48, 182, 336, 260, 317, 94, 119, 526, 280, 128, 13, 36, 98, 34, 52, 81, 155, 18, 19, 75, 181, 508, 588, 63, 43, 224, 134, 18, 471, 367, 390, 244, 371, 371, 113, 20, 118, 19, 26, 227, 48, 47, 439, 578, 114, 361, 9, 22, 200, 504, 467, 156, 135, 24, 11, 270, 318, 30, 463, 24, 48, 126, 40, 422, 30, 443, 47, 407, 81, 462, 19, 10, 15, 72, 99, 85, 41, 502, 371, 74, 90, 66, 195, 71, 315, 137, 140, 316, 517, 473, 314, 91, 46, 51, 62, 241, 411, 46, 171, 187, 256, 95, 434, 18, 98, 504, 29, 33, 567, 306, 291, 91, 477, 51, 181, 21, 15, 107, 47, 359, 98, 52, 98, 126, 178, 453, 190, 39, 320, 420, 28, 68, 459, 128, 55, 220, 273, 487, 126, 56, 54, 61, 101, 195, 240, 50, 96, 8, 501, 17, 118, 158, 472, 74, 351, 306, 367, 358, 595, 56, 16, 19, 465, 378, 333, 293, 122, 149, 142, 51, 10, 98, 47, 10, 258, 458, 242, 8, 50, 453, 89, 199, 54, 36, 354, 28, 163, 336, 375, 340, 62, 277, 110, 67, 452, 49, 48, 50, 62, 96, 156, 154, 525, 17, 37, 128, 89, 144, 30, 24, 53, 21, 32, 76, 399, 168, 10, 71, 477, 87, 47, 233, 387, 63, 493, 82, 10, 68, 264, 501, 9, 186, 19, 75, 29, 8, 119, 243, 440, 148, 252, 246, 45, 336, 456, 430, 393, 71, 214, 109, 33, 16, 21, 164, 147, 462, 50, 17, 143, 116, 236, 88, 13, 30, 58, 331, 46, 171, 399, 33, 124, 145, 321, 512, 565, 122, 35, 125, 273, 181, 24, 217, 15, 10, 56, 10, 129, 329, 173, 72, 50, 66, 252, 79, 89, 334, 192, 89, 156, 592, 38, 93, 363, 221, 66, 386, 48, 350, 75, 576, 37, 46, 39, 90, 117, 238, 59, 95, 127, 118, 167, 151, 10, 56, 60, 75, 28, 118, 122, 147, 540, 121, 93, 141, 62, 52, 20, 33, 131, 110, 51, 112, 52, 161, 213, 8, 110, 115, 142, 119, 502, 306, 132, 349, 116, 375, 133, 15, 571, 125, 140, 236, 328, 398, 237, 96, 151, 59, 51, 241, 49, 111, 28, 15, 253, 440, 67, 141, 90, 78, 126, 313, 67, 51, 37, 131, 128, 10, 342, 253, 326, 17, 76, 448, 208, 20, 199, 39, 508, 76, 122, 34, 285, 53, 374, 10, 51, 50, 49, 48, 46, 36, 48, 478, 22, 62, 179, 120, 78, 20, 38, 123, 11, 161, 122, 346, 122, 338, 467, 66, 37, 164, 402, 70, 62, 125, 418, 74, 143, 30, 33, 49];

median_10m_adapter_times = [285, 42, 127, 19, 88, 18, 426, 78, 462, 228, 57, 57, 89, 552, 26, 94, 70, 371, 130, 18, 124, 57, 89, 232, 84, 92, 156, 403, 64, 19, 14, 55, 224, 17, 115, 223, 18, 85, 46, 100, 502, 206, 42, 205, 384, 141, 32, 125, 66, 119, 370, 122, 461, 16, 63, 231, 19, 259, 85, 287, 225, 231, 253, 230, 369, 97, 102, 167, 378, 267, 17, 14, 37, 558, 300, 141, 58, 364, 64, 18, 417, 424, 518, 231, 293, 403, 40, 252, 366, 334, 82, 87, 209, 530, 18, 106, 404, 87, 158, 79, 54, 24, 310, 486, 140, 214, 189, 86, 305, 103, 211, 67, 119, 88, 107, 311, 524, 120, 52, 92, 123, 320, 182, 25, 284, 255, 402, 72, 332, 251, 304, 55, 113, 287, 150, 95, 338, 75, 66, 110, 402, 66, 520, 334, 48, 72, 87, 85, 158, 324, 97, 407, 285, 80, 62, 119, 109, 115, 492, 297, 135, 257, 245, 305, 66, 66, 111, 11, 258, 402, 471, 18, 86, 57, 41, 307, 19, 67, 136, 273, 407, 212, 521, 402, 61, 89, 235, 280, 245, 541, 20, 53, 69, 84, 461, 215, 136, 391, 65, 15, 49, 462, 169, 336, 57, 199, 258, 11, 473, 28, 460, 220, 182, 18, 29, 78, 463, 294, 277, 30, 227, 82, 333, 51, 432, 117, 86, 556, 81, 84, 247, 512, 145, 268, 47, 12, 20, 167, 90, 221, 190, 26, 83, 155, 221, 529, 537, 70, 271, 476, 38, 467, 307, 518, 495, 322, 360, 73, 89, 74, 75, 95, 393, 586, 102, 53, 125, 373, 18, 103, 101, 92, 579, 191, 113, 468, 368, 550, 101, 108, 208, 484, 339, 12, 18, 15, 79, 97, 103, 30, 103, 8, 499, 95, 80, 146, 259, 20, 277, 29, 52, 237, 162, 591, 199, 14, 263, 210, 530, 223, 18, 21, 240, 487, 107, 210, 303, 252, 333, 63, 17, 16, 111, 140, 371, 246, 553, 39, 66, 348, 251, 93, 486, 12, 313, 19, 124, 105, 114, 218, 456, 278, 88, 101, 539, 115, 347, 84, 15, 112, 248, 236, 188, 83, 482, 29, 44, 453, 70, 253, 69, 19, 31, 513, 57, 43, 149, 335, 224, 145, 481, 18, 98, 60, 96, 185, 57, 167, 458, 35, 321, 57, 164, 19, 286, 62, 167, 218, 51, 315];

